10,101
10,105
10,239
10,275
10,29
10,67
10,221
10,121
10,2
10,3
11,27
9,5
9,1
9,7
9,2
9,3
8,15
8,16
8,13
8,17
8,18
49,4
49,3
49,2
49,1
49,0
48,5
48,4
48,3
48,2
48,1
48,0
47,4
47,3
47,2
47,1
47,0
45,4
45,3
45,2
45,1
45,0
43,3
43,2
43,1
43,0
42,5
42,4
42,3
42,2
42,1
42,0
39,5
39,4
39,3
39,2
39,1
39,0
37,5
37,4
37,3
37,2
37,1
37,0
35,5
35,4
35,3
35,2
35,1
35,0
25,3
25,1
20,3
20,2
20,1
19,3
19,2
19,1
12,3
12,2
12,1
11,29
11,26
11,25
11,24
11,23
11,21
11,19
11,18
11,16
11,14
11,13
11,11
11,9
11,8
11,7
11,5
11,3
11,2
11,1
10,313
10,298
10,291
18,1
10,274
18,3
10,261
10,223
10,191
14,1
10,175
14,3
